metadata:
  generated_by: zed_underwater_calibration.py
  timestamp: '2026-06-15T18:02:02'
  board_cols: 9
  board_rows: 6
  square_size_m: 0.02475
  n_captures: 40
  rms_px: 1.64452
  zed_resolution: HD720
  image_width: 1280
  image_height: 720
air:
  left:
    K: [533.9425048828125, 0.0, 633.64013671875, 0.0, 533.9425048828125, 365.51629638671875,
      0.0, 0.0, 1.0]
    D: [0.0, 0.0, 0.0, 0.0, 0.0, 0.0, 0.0, 0.0]
  right:
    K: [533.9425048828125, 0.0, 633.64013671875, 0.0, 533.9425048828125, 365.51629638671875,
      0.0, 0.0, 1.0]
    D: [0.0, 0.0, 0.0, 0.0, 0.0, 0.0, 0.0, 0.0]
  baseline_m: 0.11970566213130951
underwater:
  left:
    K: [690.9843759312703, 0.0, 633.64013671875, 0.0, 690.9843759312703, 365.51629638671875,
      0.0, 0.0, 1.0]
    D: [0.44696545594105097, 0.2607117653761937, -0.02644282411570553, -0.009702702616750087,
      0.0, 0.0, 0.0, 0.0]
  right:
    K: [706.8090778882454, 0.0, 633.64013671875, 0.0, 706.8090778882454, 365.51629638671875,
      0.0, 0.0, 1.0]
    D: [0.5917391698207753, 0.01724073779522945, -0.022188806680714705, 0.01157351643374909,
      0.0, 0.0, 0.0, 0.0]
  baseline_m: 0.12330129167150682
  R: [0.999977618419406, 0.005503950671191753, 0.003803838490504607, -0.005509189716318073,
    0.9999838882964208, 0.001368201827547225, -0.0037962466888193267, -0.0013891272729221866,
    0.9999918293848692]
  T: [-0.12330129167150682, -0.0003985850169586293, 0.012055922742108089]
  R1: [0.9955781857733362, 0.008830177783536307, -0.09352060720816308, -0.008778560432705154,
    0.9999610036863426, 0.0009633189149326864, 0.09352546652651202, -0.00013808299556966098,
    0.9956168781434376]
  R2: [0.9952487667375192, 0.0032172513457926375, -0.09731156971925338, -0.0032709636076867538,
    0.9999945733806203, -0.000392436477076591, 0.09730977907961923, 0.0007088745229918647,
    0.9952538894133428]
  P1: [1067.8301173633604, 0.0, 732.8704605102539, 0.0, 0.0, 1067.8301173633604, 351.38849449157715,
    0.0, 0.0, 0.0, 1.0, 0.0]
  P2: [1067.8301173633604, 0.0, 732.8704605102539, -132.2933895092819, 0.0, 1067.8301173633604,
    351.38849449157715, 0.0, 0.0, 0.0, 1.0, 0.0]
  Q: [1.0, 0.0, 0.0, -732.8704605102539, 0.0, 1.0, 0.0, -351.38849449157715, 0.0,
    0.0, 0.0, 1067.8301173633604, 0.0, 0.0, 8.07168159591557, -0.0]
  roi_left: [0, 0, 1280, 720]
  roi_right: [0, 0, 1279, 720]
depth_scale_factor: 1.308936
n_water_over_n_air: 1.3089
