metadata:
  generated_by: zed_underwater_calibration.py
  timestamp: '2026-06-15T18:06:30'
  board_cols: 9
  board_rows: 6
  square_size_m: 0.02475
  n_captures: 40
  rms_px: 1.649881
  zed_resolution: HD720
  image_width: 1280
  image_height: 720
air:
  left:
    K: [533.9425048828125, 0.0, 633.64013671875, 0.0, 533.9425048828125, 365.51629638671875,
      0.0, 0.0, 1.0]
    D: [0.0, 0.0, 0.0, 0.0, 0.0, 0.0, 0.0, 0.0]
  right:
    K: [533.9425048828125, 0.0, 633.64013671875, 0.0, 533.9425048828125, 365.51629638671875,
      0.0, 0.0, 1.0]
    D: [0.0, 0.0, 0.0, 0.0, 0.0, 0.0, 0.0, 0.0]
  baseline_m: 0.11970566213130951
underwater:
  left:
    K: [747.0105871318402, 0.0, 633.64013671875, 0.0, 747.0105871318402, 365.51629638671875,
      0.0, 0.0, 1.0]
    D: [0.4653658735742966, 0.429849303985394, -0.012244369588222634, -0.0035333645506212185,
      0.0, 0.0, 0.0, 0.0]
  right:
    K: [756.2237184231672, 0.0, 633.64013671875, 0.0, 756.2237184231672, 365.51629638671875,
      0.0, 0.0, 1.0]
    D: [0.6436715995934007, -0.03667521670912989, -0.015295460432272038, 0.004817306936560769,
      0.0, 0.0, 0.0, 0.0]
  baseline_m: 0.1221962657627066
  R: [0.9999952618617721, -0.0026463043080244687, 0.0015726816318624836, 0.002646315973138996,
    0.9999964984855159, -5.336475193526805e-06, -0.0015726620031576762, 9.498262431625596e-06,
    0.9999987633212387]
  T: [-0.1221962657627066, 3.241734445582153e-06, 0.009210467652799382]
  R1: [0.9972848064303172, -0.0026659866504841197, -0.07359284869078023, 0.0026693789242245008,
    0.9999964358360727, -5.2261935836077556e-05, 0.0735927257234269, -0.0001443271647048727,
    0.9972883684723622]
  R2: [0.9971713980476378, -2.645387605770511e-05, -0.07516117492370677, 2.2989208790825547e-05,
    0.9999999986330487, -4.696167343274959e-05, 0.0751611760632834, 4.510094160828906e-05,
    0.9971713972927068]
  P1: [1135.4522899991796, 0.0, 714.5911178588867, 0.0, 0.0, 1135.4522899991796, 357.1969337463379,
    0.0, 0.0, 0.0, 1.0, 0.0]
  P2: [1135.4522899991796, 0.0, 714.5911178588867, -139.14160600802268, 0.0, 1135.4522899991796,
    357.1969337463379, 0.0, 0.0, 0.0, 1.0, 0.0]
  Q: [1.0, 0.0, 0.0, -714.5911178588867, 0.0, 1.0, 0.0, -357.1969337463379, 0.0, 0.0,
    0.0, 1135.4522899991796, 0.0, 0.0, 8.160408109230184, -0.0]
  roi_left: [0, 0, 1279, 720]
  roi_right: [0, 0, 1280, 720]
depth_scale_factor: 1.407674
n_water_over_n_air: 1.4077
